var hData = {"corrMat":[[1,0.8928,0.7745,0.8964,0.8948,0.9015,0.882,0.8874,0.8655,0.8986,0.8975,0.8101,0.8926,0.8865,0.8917,0.8679,0.8485,0.8631,0.8663,0.8815,0.8921,0.8735,0.8656,0.8549,0.8692,0.8869,0.8451,0.8282,0.887,0.8856,0.7686,0.8705,0.8676,0.8757,0.8896,0.8819,0.8176,0.8759,0.8315,0.8734,0.8676,0.7463,0.8599,0.8633,0.7909,0.8634,0.7987,0.8173,0.8704,0.8602,0.8584,0.8818,0.8877,0.7622,0.869,0.8813,0.8289],[0.8928,1,0.7776,0.9026,0.9015,0.9087,0.8858,0.8945,0.8812,0.9118,0.9084,0.8083,0.8974,0.8969,0.9011,0.8783,0.8562,0.8756,0.8752,0.8862,0.9061,0.8784,0.8665,0.8582,0.8696,0.8943,0.8398,0.8328,0.8846,0.8939,0.7652,0.8776,0.8794,0.8768,0.8883,0.8842,0.8251,0.885,0.8335,0.8751,0.8723,0.7498,0.8641,0.8684,0.7947,0.8659,0.7939,0.808,0.8733,0.8661,0.8704,0.8807,0.8889,0.7628,0.8699,0.8863,0.8479],[0.7745,0.7776,1,0.7569,0.7539,0.7889,0.7557,0.7731,0.7858,0.7672,0.7801,0.8888,0.7896,0.7761,0.7764,0.7266,0.7313,0.7282,0.7251,0.7362,0.7434,0.7372,0.7355,0.7729,0.7588,0.7873,0.7979,0.7102,0.7913,0.7892,0.7188,0.7037,0.7388,0.7452,0.7819,0.7756,0.7008,0.737,0.7772,0.7283,0.7254,0.7616,0.7985,0.8321,0.8675,0.7703,0.837,0.8411,0.7435,0.7272,0.7737,0.7975,0.8153,0.8611,0.783,0.7535,0.7089],[0.8964,0.9026,0.7569,1,0.9363,0.9277,0.9119,0.9084,0.8743,0.9335,0.9246,0.7969,0.9134,0.9103,0.908,0.919,0.883,0.895,0.9194,0.9185,0.9284,0.9138,0.8848,0.8624,0.8982,0.899,0.8422,0.8484,0.8948,0.8986,0.7672,0.8979,0.8829,0.8984,0.9034,0.8939,0.8456,0.8974,0.8305,0.9111,0.8922,0.7421,0.8653,0.8641,0.7775,0.8929,0.7928,0.8094,0.8941,0.8836,0.8646,0.891,0.8948,0.7487,0.8904,0.9042,0.8483],[0.8948,0.9015,0.7539,0.9363,1,0.9242,0.9054,0.909,0.8741,0.9264,0.923,0.7969,0.9118,0.9093,0.9102,0.9036,0.8697,0.8864,0.9069,0.9129,0.926,0.9042,0.888,0.8639,0.8887,0.899,0.8439,0.8436,0.8987,0.8972,0.7705,0.8993,0.8837,0.9004,0.9089,0.8985,0.8402,0.8956,0.8291,0.9024,0.892,0.7389,0.8645,0.8614,0.7764,0.8835,0.7915,0.807,0.8935,0.8842,0.8651,0.889,0.8976,0.7455,0.8783,0.9014,0.8414],[0.9015,0.9087,0.7889,0.9277,0.9242,1,0.9036,0.9081,0.8888,0.922,0.9217,0.8276,0.9174,0.9133,0.9158,0.8917,0.8648,0.8915,0.8896,0.9046,0.9235,0.8938,0.8849,0.8751,0.8849,0.9067,0.8603,0.8442,0.9083,0.9139,0.7738,0.8875,0.8882,0.8924,0.9113,0.9074,0.8292,0.9,0.8515,0.8918,0.887,0.7609,0.8714,0.8762,0.8051,0.8779,0.8121,0.8354,0.8853,0.8762,0.8775,0.898,0.9064,0.7799,0.8843,0.9004,0.84],[0.882,0.8858,0.7557,0.9119,0.9054,0.9036,1,0.9181,0.871,0.9183,0.9167,0.802,0.9087,0.8985,0.8977,0.8982,0.8715,0.8816,0.9056,0.9074,0.9106,0.9093,0.8801,0.8561,0.8968,0.8998,0.8541,0.839,0.8992,0.8956,0.7718,0.8947,0.8775,0.9,0.9033,0.8939,0.837,0.8909,0.8273,0.9017,0.8813,0.7353,0.8731,0.8642,0.7766,0.8862,0.798,0.8104,0.8913,0.8755,0.8558,0.8962,0.8996,0.7579,0.8758,0.8888,0.8226],[0.8874,0.8945,0.7731,0.9084,0.909,0.9081,0.9181,1,0.8766,0.9199,0.9224,0.8166,0.917,0.9058,0.9062,0.8894,0.8653,0.8782,0.8983,0.9048,0.9124,0.9039,0.8819,0.8628,0.8948,0.908,0.8629,0.8386,0.9083,0.903,0.7742,0.8949,0.8811,0.9017,0.9127,0.9024,0.8326,0.894,0.8341,0.8968,0.8805,0.7398,0.8806,0.8754,0.791,0.8846,0.808,0.8216,0.892,0.8771,0.8617,0.901,0.911,0.7717,0.8778,0.8905,0.8236],[0.8655,0.8812,0.7858,0.8743,0.8741,0.8888,0.871,0.8766,1,0.8879,0.8913,0.8332,0.8739,0.8781,0.8791,0.8391,0.8236,0.8415,0.8522,0.864,0.8756,0.8534,0.8529,0.8593,0.8578,0.8859,0.8427,0.8033,0.874,0.8826,0.7609,0.8518,0.865,0.8576,0.8738,0.871,0.7995,0.8621,0.8272,0.8483,0.8427,0.7476,0.8569,0.8661,0.813,0.855,0.805,0.8197,0.8561,0.8528,0.8642,0.8665,0.8766,0.7758,0.8494,0.8603,0.8159],[0.8986,0.9118,0.7672,0.9335,0.9264,0.922,0.9183,0.9199,0.8879,1,0.9365,0.8156,0.9149,0.9101,0.9109,0.9128,0.8823,0.8935,0.9181,0.9161,0.9302,0.9135,0.8846,0.8671,0.9035,0.9104,0.8511,0.8518,0.9001,0.9033,0.7746,0.9044,0.8898,0.9041,0.9096,0.901,0.8471,0.8995,0.8353,0.9094,0.8917,0.7473,0.8804,0.8774,0.7876,0.8956,0.8006,0.8143,0.8953,0.8821,0.8719,0.8991,0.9015,0.7553,0.8922,0.9029,0.8497],[0.8975,0.9084,0.7801,0.9246,0.923,0.9217,0.9167,0.9224,0.8913,0.9365,1,0.8279,0.9251,0.9221,0.9215,0.9022,0.8737,0.8914,0.9073,0.9181,0.9327,0.9098,0.8892,0.8692,0.9011,0.9221,0.8712,0.8418,0.9172,0.9152,0.7741,0.9034,0.8957,0.9055,0.9245,0.914,0.8359,0.9095,0.8379,0.9029,0.8917,0.7438,0.8861,0.8854,0.7987,0.8904,0.8178,0.8265,0.9027,0.8894,0.8762,0.9033,0.9192,0.7816,0.8808,0.901,0.837],[0.8101,0.8083,0.8888,0.7969,0.7969,0.8276,0.802,0.8166,0.8332,0.8156,0.8279,1,0.8227,0.8134,0.8117,0.7589,0.7579,0.7639,0.7667,0.7816,0.7895,0.775,0.7801,0.8151,0.7987,0.8302,0.8329,0.7443,0.8269,0.8234,0.7491,0.7525,0.7809,0.7881,0.8219,0.8173,0.7362,0.7796,0.8132,0.7662,0.7642,0.7744,0.828,0.8573,0.8771,0.8056,0.853,0.8632,0.7837,0.7677,0.8125,0.8286,0.846,0.8536,0.8127,0.7898,0.7425],[0.8926,0.8974,0.7896,0.9134,0.9118,0.9174,0.9087,0.917,0.8739,0.9149,0.9251,0.8227,1,0.9221,0.9225,0.8933,0.8698,0.8886,0.8934,0.9022,0.9165,0.9041,0.8824,0.8645,0.892,0.9087,0.8681,0.8403,0.9156,0.9122,0.7764,0.8943,0.8842,0.9011,0.9182,0.9078,0.8299,0.9012,0.8412,0.898,0.8845,0.7508,0.8825,0.8785,0.8027,0.8838,0.8208,0.8353,0.8933,0.876,0.8657,0.905,0.9155,0.7915,0.8818,0.8965,0.8271],[0.8865,0.8969,0.7761,0.9103,0.9093,0.9133,0.8985,0.9058,0.8781,0.9101,0.9221,0.8134,0.9221,1,0.927,0.8951,0.8665,0.889,0.8902,0.9012,0.9156,0.894,0.8784,0.8594,0.8832,0.9056,0.8601,0.8351,0.9046,0.9053,0.7681,0.89,0.8837,0.892,0.9107,0.9016,0.8263,0.9022,0.834,0.8896,0.8804,0.7439,0.8714,0.8706,0.7936,0.8765,0.8129,0.824,0.889,0.878,0.8665,0.891,0.9028,0.7806,0.8713,0.893,0.831],[0.8917,0.9011,0.7764,0.908,0.9102,0.9158,0.8977,0.9062,0.8791,0.9109,0.9215,0.8117,0.9225,0.927,1,0.8832,0.8583,0.8815,0.8842,0.8995,0.9172,0.8901,0.8798,0.8626,0.8793,0.908,0.8593,0.8315,0.9075,0.9073,0.7681,0.89,0.8869,0.8905,0.9104,0.9025,0.8232,0.9022,0.8355,0.8885,0.8822,0.7431,0.871,0.8701,0.7935,0.8718,0.807,0.8215,0.888,0.8767,0.8688,0.8933,0.9047,0.7766,0.8697,0.8926,0.833],[0.8679,0.8783,0.7266,0.919,0.9036,0.8917,0.8982,0.8894,0.8391,0.9128,0.9022,0.7589,0.8933,0.8951,0.8832,1,0.9118,0.9116,0.909,0.8996,0.9058,0.9064,0.8669,0.8322,0.8805,0.872,0.8171,0.8666,0.8713,0.8699,0.7592,0.8856,0.8625,0.884,0.8853,0.8745,0.8506,0.882,0.8032,0.9017,0.8804,0.7295,0.8465,0.8383,0.7424,0.8737,0.766,0.7766,0.8762,0.868,0.8384,0.8692,0.8708,0.731,0.8804,0.8938,0.8423],[0.8485,0.8562,0.7313,0.883,0.8697,0.8648,0.8715,0.8653,0.8236,0.8823,0.8737,0.7579,0.8698,0.8665,0.8583,0.9118,1,0.887,0.8707,0.8691,0.8732,0.8751,0.8441,0.817,0.8552,0.8555,0.8096,0.8507,0.8529,0.8507,0.7618,0.8586,0.8455,0.8595,0.8589,0.8495,0.8373,0.8564,0.7906,0.8704,0.8551,0.7323,0.8364,0.8287,0.7448,0.8507,0.7682,0.7721,0.8543,0.8461,0.8271,0.8544,0.8538,0.7378,0.8581,0.8686,0.8265],[0.8631,0.8756,0.7282,0.895,0.8864,0.8915,0.8816,0.8782,0.8415,0.8935,0.8914,0.7639,0.8886,0.889,0.8815,0.9116,0.887,1,0.8712,0.8818,0.8981,0.8834,0.8584,0.8316,0.856,0.8697,0.8195,0.8583,0.8695,0.8749,0.76,0.8811,0.8656,0.8706,0.8789,0.8745,0.8324,0.8861,0.8172,0.878,0.8757,0.7367,0.8401,0.8308,0.7464,0.848,0.7671,0.783,0.8638,0.8548,0.8414,0.8631,0.8615,0.7354,0.8616,0.8844,0.8376],[0.8663,0.8752,0.7251,0.9194,0.9069,0.8896,0.9056,0.8983,0.8522,0.9181,0.9073,0.7667,0.8934,0.8902,0.8842,0.909,0.8707,0.8712,1,0.9141,0.9108,0.9148,0.872,0.8359,0.9029,0.884,0.8276,0.8241,0.8768,0.8781,0.7507,0.891,0.8691,0.8903,0.885,0.8707,0.8391,0.8836,0.8005,0.9097,0.873,0.7104,0.8529,0.8447,0.7482,0.8907,0.7722,0.7814,0.8852,0.8744,0.8376,0.8772,0.8766,0.7305,0.871,0.8795,0.8207],[0.8815,0.8862,0.7362,0.9185,0.9129,0.9046,0.9074,0.9048,0.864,0.9161,0.9181,0.7816,0.9022,0.9012,0.8995,0.8996,0.8691,0.8818,0.9141,1,0.9218,0.9076,0.8837,0.8524,0.8921,0.8962,0.8435,0.8333,0.8919,0.8913,0.7629,0.9001,0.8834,0.8945,0.8996,0.8885,0.8361,0.8968,0.8201,0.9035,0.8829,0.7223,0.8617,0.8546,0.7615,0.8794,0.7826,0.7998,0.8939,0.8859,0.855,0.8858,0.8916,0.7427,0.8675,0.8886,0.8252],[0.8921,0.9061,0.7434,0.9284,0.926,0.9235,0.9106,0.9124,0.8756,0.9302,0.9327,0.7895,0.9165,0.9156,0.9172,0.9058,0.8732,0.8981,0.9108,0.9218,1,0.9041,0.8882,0.86,0.8902,0.9077,0.8489,0.8426,0.8986,0.9008,0.7646,0.9081,0.8907,0.8983,0.9104,0.9031,0.8385,0.9144,0.8333,0.903,0.8923,0.7314,0.8635,0.8563,0.7655,0.8769,0.7854,0.8013,0.8951,0.8863,0.869,0.8884,0.8955,0.7399,0.8707,0.8979,0.8399],[0.8735,0.8784,0.7372,0.9138,0.9042,0.8938,0.9093,0.9039,0.8534,0.9135,0.9098,0.775,0.9041,0.894,0.8901,0.9064,0.8751,0.8834,0.9148,0.9076,0.9041,1,0.8854,0.8505,0.8977,0.891,0.8362,0.8393,0.8927,0.8925,0.7611,0.8957,0.8736,0.9054,0.9004,0.8885,0.8376,0.8865,0.8117,0.9065,0.8807,0.7216,0.8681,0.8551,0.7589,0.8858,0.7822,0.7936,0.89,0.8753,0.8443,0.8916,0.8913,0.7438,0.8738,0.886,0.8216],[0.8656,0.8665,0.7355,0.8848,0.888,0.8849,0.8801,0.8819,0.8529,0.8846,0.8892,0.7801,0.8824,0.8784,0.8798,0.8669,0.8441,0.8584,0.872,0.8837,0.8882,0.8854,1,0.8674,0.861,0.8776,0.8309,0.828,0.879,0.8827,0.7626,0.8756,0.8633,0.8871,0.8902,0.8876,0.8191,0.8732,0.8184,0.8719,0.8649,0.7291,0.8404,0.8372,0.7605,0.8524,0.7737,0.7914,0.8688,0.8673,0.8472,0.868,0.8781,0.7346,0.8486,0.8751,0.8141],[0.8549,0.8582,0.7729,0.8624,0.8639,0.8751,0.8561,0.8628,0.8593,0.8671,0.8692,0.8151,0.8645,0.8594,0.8626,0.8322,0.817,0.8316,0.8359,0.8524,0.86,0.8505,0.8674,1,0.8374,0.8628,0.8245,0.8118,0.8627,0.8683,0.7604,0.8405,0.8433,0.8606,0.8708,0.8706,0.7968,0.844,0.8286,0.8384,0.8362,0.752,0.8341,0.8425,0.7957,0.8399,0.7893,0.8128,0.8393,0.8381,0.8457,0.8545,0.8649,0.7544,0.8451,0.8585,0.8058],[0.8692,0.8696,0.7588,0.8982,0.8887,0.8849,0.8968,0.8948,0.8578,0.9035,0.9011,0.7987,0.892,0.8832,0.8793,0.8805,0.8552,0.856,0.9029,0.8921,0.8902,0.8977,0.861,0.8374,1,0.8948,0.8535,0.8152,0.8862,0.8842,0.759,0.8766,0.8662,0.8832,0.8876,0.8713,0.8239,0.8745,0.8125,0.8954,0.8619,0.7248,0.8669,0.8626,0.7777,0.8899,0.799,0.8097,0.88,0.8669,0.8434,0.8882,0.8875,0.7642,0.8709,0.8701,0.8075],[0.8869,0.8943,0.7873,0.899,0.899,0.9067,0.8998,0.908,0.8859,0.9104,0.9221,0.8302,0.9087,0.9056,0.908,0.872,0.8555,0.8697,0.884,0.8962,0.9077,0.891,0.8776,0.8628,0.8948,1,0.8854,0.8279,0.9165,0.9123,0.7738,0.888,0.8909,0.891,0.9108,0.8982,0.8174,0.8937,0.8315,0.8813,0.8761,0.7443,0.8877,0.887,0.8072,0.8772,0.8225,0.8302,0.8911,0.8793,0.8698,0.9001,0.9124,0.7936,0.864,0.8823,0.8215],[0.8451,0.8398,0.7979,0.8422,0.8439,0.8603,0.8541,0.8629,0.8427,0.8511,0.8712,0.8329,0.8681,0.8601,0.8593,0.8171,0.8096,0.8195,0.8276,0.8435,0.8489,0.8362,0.8309,0.8245,0.8535,0.8854,1,0.7821,0.8785,0.8703,0.7579,0.8292,0.8423,0.8409,0.8663,0.8572,0.7811,0.8446,0.8107,0.8323,0.8277,0.7336,0.8547,0.8617,0.8102,0.839,0.8287,0.8333,0.8463,0.8335,0.834,0.8673,0.8823,0.8124,0.8256,0.8332,0.7741],[0.8282,0.8328,0.7102,0.8484,0.8436,0.8442,0.839,0.8386,0.8033,0.8518,0.8418,0.7443,0.8403,0.8351,0.8315,0.8666,0.8507,0.8583,0.8241,0.8333,0.8426,0.8393,0.828,0.8118,0.8152,0.8279,0.7821,1,0.832,0.8292,0.7543,0.8379,0.822,0.8397,0.8414,0.8371,0.8081,0.825,0.786,0.8294,0.8344,0.728,0.8106,0.8024,0.7263,0.8131,0.7382,0.7535,0.8188,0.8146,0.806,0.8246,0.8239,0.7034,0.8346,0.8505,0.8135],[0.887,0.8846,0.7913,0.8948,0.8987,0.9083,0.8992,0.9083,0.874,0.9001,0.9172,0.8269,0.9156,0.9046,0.9075,0.8713,0.8529,0.8695,0.8768,0.8919,0.8986,0.8927,0.879,0.8627,0.8862,0.9165,0.8785,0.832,1,0.9189,0.7736,0.8837,0.8832,0.8965,0.92,0.9066,0.8122,0.8876,0.8309,0.8818,0.8779,0.7445,0.888,0.8857,0.8066,0.8739,0.8265,0.8366,0.8911,0.8759,0.8608,0.9054,0.9223,0.8025,0.8636,0.8816,0.8086],[0.8856,0.8939,0.7892,0.8986,0.8972,0.9139,0.8956,0.903,0.8826,0.9033,0.9152,0.8234,0.9122,0.9053,0.9073,0.8699,0.8507,0.8749,0.8781,0.8913,0.9008,0.8925,0.8827,0.8683,0.8842,0.9123,0.8703,0.8292,0.9189,1,0.7679,0.8789,0.8888,0.8887,0.9088,0.9047,0.8127,0.8958,0.8393,0.8795,0.8745,0.7484,0.8766,0.8788,0.8068,0.8711,0.8155,0.8323,0.8832,0.8723,0.8667,0.8981,0.9129,0.7983,0.8661,0.8824,0.8187],[0.7686,0.7652,0.7188,0.7672,0.7705,0.7738,0.7718,0.7742,0.7609,0.7746,0.7741,0.7491,0.7764,0.7681,0.7681,0.7592,0.7618,0.76,0.7507,0.7629,0.7646,0.7611,0.7626,0.7604,0.759,0.7738,0.7579,0.7543,0.7736,0.7679,1,0.7707,0.7641,0.771,0.7742,0.7707,0.7538,0.7589,0.755,0.7576,0.7622,0.712,0.7736,0.772,0.735,0.7595,0.7422,0.7511,0.7646,0.7557,0.7614,0.7764,0.7766,0.7129,0.7657,0.7698,0.7382],[0.8705,0.8776,0.7037,0.8979,0.8993,0.8875,0.8947,0.8949,0.8518,0.9044,0.9034,0.7525,0.8943,0.89,0.89,0.8856,0.8586,0.8811,0.891,0.9001,0.9081,0.8957,0.8756,0.8405,0.8766,0.888,0.8292,0.8379,0.8837,0.8789,0.7707,1,0.8886,0.8932,0.8904,0.8806,0.8332,0.8942,0.8118,0.8926,0.8821,0.7109,0.8586,0.838,0.7354,0.8606,0.7598,0.7748,0.8854,0.8757,0.8423,0.8737,0.8736,0.7105,0.851,0.8808,0.8231],[0.8676,0.8794,0.7388,0.8829,0.8837,0.8882,0.8775,0.8811,0.865,0.8898,0.8957,0.7809,0.8842,0.8837,0.8869,0.8625,0.8455,0.8656,0.8691,0.8834,0.8907,0.8736,0.8633,0.8433,0.8662,0.8909,0.8423,0.822,0.8832,0.8888,0.7641,0.8886,1,0.8715,0.8814,0.8754,0.82,0.8831,0.8204,0.8712,0.8704,0.7305,0.8529,0.8497,0.7666,0.8532,0.7761,0.792,0.8723,0.8689,0.8522,0.8703,0.878,0.7507,0.8453,0.8713,0.824],[0.8757,0.8768,0.7452,0.8984,0.9004,0.8924,0.9,0.9017,0.8576,0.9041,0.9055,0.7881,0.9011,0.892,0.8905,0.884,0.8595,0.8706,0.8903,0.8945,0.8983,0.9054,0.8871,0.8606,0.8832,0.891,0.8409,0.8397,0.8965,0.8887,0.771,0.8932,0.8715,1,0.911,0.8985,0.8277,0.88,0.8197,0.8886,0.875,0.7275,0.8651,0.8541,0.769,0.8734,0.7874,0.8017,0.8852,0.871,0.8491,0.8881,0.8935,0.7433,0.8644,0.8816,0.8176],[0.8896,0.8883,0.7819,0.9034,0.9089,0.9113,0.9033,0.9127,0.8738,0.9096,0.9245,0.8219,0.9182,0.9107,0.9104,0.8853,0.8589,0.8789,0.885,0.8996,0.9104,0.9004,0.8902,0.8708,0.8876,0.9108,0.8663,0.8414,0.92,0.9088,0.7742,0.8904,0.8814,0.911,1,0.9224,0.823,0.8927,0.8342,0.8874,0.8817,0.7442,0.8787,0.8783,0.7992,0.8767,0.8178,0.8301,0.8927,0.879,0.863,0.9006,0.9177,0.7804,0.871,0.8903,0.8176],[0.8819,0.8842,0.7756,0.8939,0.8985,0.9074,0.8939,0.9024,0.871,0.901,0.914,0.8173,0.9078,0.9016,0.9025,0.8745,0.8495,0.8745,0.8707,0.8885,0.9031,0.8885,0.8876,0.8706,0.8713,0.8982,0.8572,0.8371,0.9066,0.9047,0.7707,0.8806,0.8754,0.8985,0.9224,1,0.8165,0.8871,0.838,0.8755,0.8741,0.7456,0.867,0.8668,0.7938,0.8633,0.807,0.8244,0.878,0.8676,0.8601,0.8906,0.9075,0.7717,0.8612,0.8818,0.8144],[0.8176,0.8251,0.7008,0.8456,0.8402,0.8292,0.837,0.8326,0.7995,0.8471,0.8359,0.7362,0.8299,0.8263,0.8232,0.8506,0.8373,0.8324,0.8391,0.8361,0.8385,0.8376,0.8191,0.7968,0.8239,0.8174,0.7811,0.8081,0.8122,0.8127,0.7538,0.8332,0.82,0.8277,0.823,0.8165,1,0.8256,0.7824,0.8386,0.8298,0.7165,0.8005,0.7966,0.7234,0.8224,0.7415,0.7496,0.8254,0.8201,0.8043,0.8177,0.8156,0.7007,0.8197,0.8324,0.8052],[0.8759,0.885,0.737,0.8974,0.8956,0.9,0.8909,0.894,0.8621,0.8995,0.9095,0.7796,0.9012,0.9022,0.9022,0.882,0.8564,0.8861,0.8836,0.8968,0.9144,0.8865,0.8732,0.844,0.8745,0.8937,0.8446,0.825,0.8876,0.8958,0.7589,0.8942,0.8831,0.88,0.8927,0.8871,0.8256,1,0.8308,0.8865,0.8786,0.7257,0.8535,0.8468,0.7619,0.861,0.7847,0.8003,0.8819,0.8729,0.8562,0.8769,0.883,0.748,0.859,0.883,0.8231],[0.8315,0.8335,0.7772,0.8305,0.8291,0.8515,0.8273,0.8341,0.8272,0.8353,0.8379,0.8132,0.8412,0.834,0.8355,0.8032,0.7906,0.8172,0.8005,0.8201,0.8333,0.8117,0.8184,0.8286,0.8125,0.8315,0.8107,0.786,0.8309,0.8393,0.755,0.8118,0.8204,0.8197,0.8342,0.838,0.7824,0.8308,1,0.8102,0.8114,0.7526,0.8142,0.8197,0.7908,0.812,0.7821,0.8132,0.8083,0.7991,0.8254,0.8349,0.8365,0.7661,0.8231,0.8284,0.7828],[0.8734,0.8751,0.7283,0.9111,0.9024,0.8918,0.9017,0.8968,0.8483,0.9094,0.9029,0.7662,0.898,0.8896,0.8885,0.9017,0.8704,0.878,0.9097,0.9035,0.903,0.9065,0.8719,0.8384,0.8954,0.8813,0.8323,0.8294,0.8818,0.8795,0.7576,0.8926,0.8712,0.8886,0.8874,0.8755,0.8386,0.8865,0.8102,1,0.8815,0.7196,0.8568,0.8466,0.7515,0.8831,0.7769,0.7909,0.8856,0.8738,0.8433,0.8846,0.881,0.7346,0.8731,0.8839,0.8242],[0.8676,0.8723,0.7254,0.8922,0.892,0.887,0.8813,0.8805,0.8427,0.8917,0.8917,0.7642,0.8845,0.8804,0.8822,0.8804,0.8551,0.8757,0.873,0.8829,0.8923,0.8807,0.8649,0.8362,0.8619,0.8761,0.8277,0.8344,0.8779,0.8745,0.7622,0.8821,0.8704,0.875,0.8817,0.8741,0.8298,0.8786,0.8114,0.8815,1,0.729,0.8466,0.8391,0.748,0.852,0.7692,0.7827,0.8718,0.8654,0.841,0.8677,0.873,0.7321,0.8507,0.8782,0.8262],[0.7463,0.7498,0.7616,0.7421,0.7389,0.7609,0.7353,0.7398,0.7476,0.7473,0.7438,0.7744,0.7508,0.7439,0.7431,0.7295,0.7323,0.7367,0.7104,0.7223,0.7314,0.7216,0.7291,0.752,0.7248,0.7443,0.7336,0.728,0.7445,0.7484,0.712,0.7109,0.7305,0.7275,0.7442,0.7456,0.7165,0.7257,0.7526,0.7196,0.729,1,0.7411,0.7592,0.7609,0.7351,0.741,0.7579,0.7219,0.7145,0.7487,0.7496,0.7531,0.737,0.7557,0.7462,0.7272],[0.8599,0.8641,0.7985,0.8653,0.8645,0.8714,0.8731,0.8806,0.8569,0.8804,0.8861,0.828,0.8825,0.8714,0.871,0.8465,0.8364,0.8401,0.8529,0.8617,0.8635,0.8681,0.8404,0.8341,0.8669,0.8877,0.8547,0.8106,0.888,0.8766,0.7736,0.8586,0.8529,0.8651,0.8787,0.867,0.8005,0.8535,0.8142,0.8568,0.8466,0.7411,1,0.8875,0.812,0.8624,0.8282,0.833,0.8669,0.8449,0.8396,0.8883,0.8942,0.8058,0.8505,0.8502,0.793],[0.8633,0.8684,0.8321,0.8641,0.8614,0.8762,0.8642,0.8754,0.8661,0.8774,0.8854,0.8573,0.8785,0.8706,0.8701,0.8383,0.8287,0.8308,0.8447,0.8546,0.8563,0.8551,0.8372,0.8425,0.8626,0.887,0.8617,0.8024,0.8857,0.8788,0.772,0.838,0.8497,0.8541,0.8783,0.8668,0.7966,0.8468,0.8197,0.8466,0.8391,0.7592,0.8875,1,0.8417,0.8633,0.847,0.8506,0.86,0.8467,0.8519,0.8853,0.8991,0.8281,0.8552,0.8516,0.7987],[0.7909,0.7947,0.8675,0.7775,0.7764,0.8051,0.7766,0.791,0.813,0.7876,0.7987,0.8771,0.8027,0.7936,0.7935,0.7424,0.7448,0.7464,0.7482,0.7615,0.7655,0.7589,0.7605,0.7957,0.7777,0.8072,0.8102,0.7263,0.8066,0.8068,0.735,0.7354,0.7666,0.769,0.7992,0.7938,0.7234,0.7619,0.7908,0.7515,0.748,0.7609,0.812,0.8417,1,0.7905,0.8358,0.8432,0.7692,0.7566,0.7986,0.8097,0.8242,0.8361,0.7951,0.7738,0.7338],[0.8634,0.8659,0.7703,0.8929,0.8835,0.8779,0.8862,0.8846,0.855,0.8956,0.8904,0.8056,0.8838,0.8765,0.8718,0.8737,0.8507,0.848,0.8907,0.8794,0.8769,0.8858,0.8524,0.8399,0.8899,0.8772,0.839,0.8131,0.8739,0.8711,0.7595,0.8606,0.8532,0.8734,0.8767,0.8633,0.8224,0.861,0.812,0.8831,0.852,0.7351,0.8624,0.8633,0.7905,1,0.8095,0.8175,0.8699,0.8553,0.8435,0.8776,0.879,0.7659,0.8741,0.8662,0.8108],[0.7987,0.7939,0.837,0.7928,0.7915,0.8121,0.798,0.808,0.805,0.8006,0.8178,0.853,0.8208,0.8129,0.807,0.766,0.7682,0.7671,0.7722,0.7826,0.7854,0.7822,0.7737,0.7893,0.799,0.8225,0.8287,0.7382,0.8265,0.8155,0.7422,0.7598,0.7761,0.7874,0.8178,0.807,0.7415,0.7847,0.7821,0.7769,0.7692,0.741,0.8282,0.847,0.8358,0.8095,1,0.848,0.7942,0.7764,0.7977,0.8249,0.8394,0.832,0.8044,0.7863,0.732],[0.8173,0.808,0.8411,0.8094,0.807,0.8354,0.8104,0.8216,0.8197,0.8143,0.8265,0.8632,0.8353,0.824,0.8215,0.7766,0.7721,0.783,0.7814,0.7998,0.8013,0.7936,0.7914,0.8128,0.8097,0.8302,0.8333,0.7535,0.8366,0.8323,0.7511,0.7748,0.792,0.8017,0.8301,0.8244,0.7496,0.8003,0.8132,0.7909,0.7827,0.7579,0.833,0.8506,0.8432,0.8175,0.848,1,0.7996,0.7854,0.8138,0.8393,0.8499,0.8295,0.819,0.8032,0.7463],[0.8704,0.8733,0.7435,0.8941,0.8935,0.8853,0.8913,0.892,0.8561,0.8953,0.9027,0.7837,0.8933,0.889,0.888,0.8762,0.8543,0.8638,0.8852,0.8939,0.8951,0.89,0.8688,0.8393,0.88,0.8911,0.8463,0.8188,0.8911,0.8832,0.7646,0.8854,0.8723,0.8852,0.8927,0.878,0.8254,0.8819,0.8083,0.8856,0.8718,0.7219,0.8669,0.86,0.7692,0.8699,0.7942,0.7996,1,0.883,0.8519,0.883,0.8899,0.754,0.8542,0.8748,0.8121],[0.8602,0.8661,0.7272,0.8836,0.8842,0.8762,0.8755,0.8771,0.8528,0.8821,0.8894,0.7677,0.876,0.878,0.8767,0.868,0.8461,0.8548,0.8744,0.8859,0.8863,0.8753,0.8673,0.8381,0.8669,0.8793,0.8335,0.8146,0.8759,0.8723,0.7557,0.8757,0.8689,0.871,0.879,0.8676,0.8201,0.8729,0.7991,0.8738,0.8654,0.7145,0.8449,0.8467,0.7566,0.8553,0.7764,0.7854,0.883,1,0.8558,0.865,0.8754,0.737,0.8428,0.8719,0.8168],[0.8584,0.8704,0.7737,0.8646,0.8651,0.8775,0.8558,0.8617,0.8642,0.8719,0.8762,0.8125,0.8657,0.8665,0.8688,0.8384,0.8271,0.8414,0.8376,0.855,0.869,0.8443,0.8472,0.8457,0.8434,0.8698,0.834,0.806,0.8608,0.8667,0.7614,0.8423,0.8522,0.8491,0.863,0.8601,0.8043,0.8562,0.8254,0.8433,0.841,0.7487,0.8396,0.8519,0.7986,0.8435,0.7977,0.8138,0.8519,0.8558,1,0.856,0.8668,0.7676,0.8441,0.8567,0.819],[0.8818,0.8807,0.7975,0.891,0.889,0.898,0.8962,0.901,0.8665,0.8991,0.9033,0.8286,0.905,0.891,0.8933,0.8692,0.8544,0.8631,0.8772,0.8858,0.8884,0.8916,0.868,0.8545,0.8882,0.9001,0.8673,0.8246,0.9054,0.8981,0.7764,0.8737,0.8703,0.8881,0.9006,0.8906,0.8177,0.8769,0.8349,0.8846,0.8677,0.7496,0.8883,0.8853,0.8097,0.8776,0.8249,0.8393,0.883,0.865,0.856,1,0.913,0.8023,0.8723,0.8762,0.8079],[0.8877,0.8889,0.8153,0.8948,0.8976,0.9064,0.8996,0.911,0.8766,0.9015,0.9192,0.846,0.9155,0.9028,0.9047,0.8708,0.8538,0.8615,0.8766,0.8916,0.8955,0.8913,0.8781,0.8649,0.8875,0.9124,0.8823,0.8239,0.9223,0.9129,0.7766,0.8736,0.878,0.8935,0.9177,0.9075,0.8156,0.883,0.8365,0.881,0.873,0.7531,0.8942,0.8991,0.8242,0.879,0.8394,0.8499,0.8899,0.8754,0.8668,0.913,1,0.8243,0.8717,0.8812,0.8086],[0.7622,0.7628,0.8611,0.7487,0.7455,0.7799,0.7579,0.7717,0.7758,0.7553,0.7816,0.8536,0.7915,0.7806,0.7766,0.731,0.7378,0.7354,0.7305,0.7427,0.7399,0.7438,0.7346,0.7544,0.7642,0.7936,0.8124,0.7034,0.8025,0.7983,0.7129,0.7105,0.7507,0.7433,0.7804,0.7717,0.7007,0.748,0.7661,0.7346,0.7321,0.737,0.8058,0.8281,0.8361,0.7659,0.832,0.8295,0.754,0.737,0.7676,0.8023,0.8243,1,0.764,0.7458,0.6981],[0.869,0.8699,0.783,0.8904,0.8783,0.8843,0.8758,0.8778,0.8494,0.8922,0.8808,0.8127,0.8818,0.8713,0.8697,0.8804,0.8581,0.8616,0.871,0.8675,0.8707,0.8738,0.8486,0.8451,0.8709,0.864,0.8256,0.8346,0.8636,0.8661,0.7657,0.851,0.8453,0.8644,0.871,0.8612,0.8197,0.859,0.8231,0.8731,0.8507,0.7557,0.8505,0.8552,0.7951,0.8741,0.8044,0.819,0.8542,0.8428,0.8441,0.8723,0.8717,0.764,1,0.8809,0.828],[0.8813,0.8863,0.7535,0.9042,0.9014,0.9004,0.8888,0.8905,0.8603,0.9029,0.901,0.7898,0.8965,0.893,0.8926,0.8938,0.8686,0.8844,0.8795,0.8886,0.8979,0.886,0.8751,0.8585,0.8701,0.8823,0.8332,0.8505,0.8816,0.8824,0.7698,0.8808,0.8713,0.8816,0.8903,0.8818,0.8324,0.883,0.8284,0.8839,0.8782,0.7462,0.8502,0.8516,0.7738,0.8662,0.7863,0.8032,0.8748,0.8719,0.8567,0.8762,0.8812,0.7458,0.8809,1,0.8481],[0.8289,0.8479,0.7089,0.8483,0.8414,0.84,0.8226,0.8236,0.8159,0.8497,0.837,0.7425,0.8271,0.831,0.833,0.8423,0.8265,0.8376,0.8207,0.8252,0.8399,0.8216,0.8141,0.8058,0.8075,0.8215,0.7741,0.8135,0.8086,0.8187,0.7382,0.8231,0.824,0.8176,0.8176,0.8144,0.8052,0.8231,0.7828,0.8242,0.8262,0.7272,0.793,0.7987,0.7338,0.8108,0.732,0.7463,0.8121,0.8168,0.819,0.8079,0.8086,0.6981,0.828,0.8481,1]],"countMatrix":[[-0.3606,-0.7304,0.6262,0.1505,-0.0522,0.1998,0.0269,-0.0484,-0.4679,-0.0672,-0.0448,0.0608,0.3465,0.3572,0.284,-0.3032,0.198,-0.1949,-0.113,-0.0641,-0.0155,-0.0454,-0.4165,-0.0128,-0.4452,-0.2016,0.2245,0.1215,-0.0334,0.0676,0.35,-0.2757,0.0692,-0.2369,-0.1096,-0.1936,0.2697,0.1795,0.3729,-0.1809,-0.3133,0.1413,0.243,0.2293,0.2663,-0.2331,0.664,-0.1106,-0.0607,-0.2027,-0.9059,-0.0905,0.075,0.6993,-0.0091,0.1748,0.0594],[-0.1836,-0.7888,0.1867,-0.5137,-0.2613,-0.4651,-0.5957,-0.5246,-0.4884,-0.8352,-0.9381,-0.0306,-0.2529,-0.4513,-0.2369,-0.7622,-1,-0.9727,-0.56,-0.7817,-0.4807,-0.7724,-0.4197,-0.1919,-0.4272,-0.9273,-0.7128,-0.9892,-0.7271,-0.9063,-0.9961,-0.7639,-1,-0.6538,-0.2573,-0.0804,-1,-0.9406,-0.3213,-1,-1,-0.9802,-0.812,-0.5088,-0.0632,-0.9081,-0.1203,-0.9224,-0.6973,-1,-0.3327,-0.7546,-0.1119,0.4143,0.1827,-0.3393,-0.3965],[1.2624,1.1469,1.6174,1.3311,1.2301,1.3221,1.011,1.0844,1.384,1.137,1.0831,1.7099,1.0786,1.1699,1.1269,1.0431,0.9707,1.1205,1.2412,1.3183,1.2927,0.9625,1.1033,1.451,0.9616,1.0297,0.8841,1.0672,0.9083,0.9868,1.0656,0.9495,1.0201,1.1195,1.1157,1.2492,1.3461,1.0083,1.4785,1.0864,1.0298,1.3789,0.8616,1.1093,1.6405,1.0095,1.0781,1.4124,1.0458,0.8175,1.2467,1.0422,1.1255,1.1767,1.179,1.0793,1.0824],[-1,-1,0.4557,-0.5095,-0.8571,-0.6756,-0.779,-1,-0.3961,-1,-0.6308,0.237,-0.8024,-1,-0.6811,-0.8172,-1,-1,-1,-1,-0.7816,-1,-1,-0.3636,-0.6623,-0.7263,-1,-1,-0.8365,-1,-1,-1,-1,-1,-1,-1,-1,-1,-1,-1,-1,-1,-1,-0.1853,-0.2149,-1,-0.3248,-0.3841,-1,-0.6701,-1,-1,-0.7405,-1,-0.2991,-0.3101,-1],[-0.1328,-0.1065,-0.0148,0.139,0.0105,0.1903,-0.1851,0.112,-0.339,-0.0835,-0.0029,-0.1322,0.2002,-0.1137,-0.0992,0.2123,-0.4962,0.0637,0.2119,0.1709,0.0639,0.1811,0.0685,0.162,0.0555,0.222,-0.5451,0.2761,-0.0247,0.1003,-1,-0.237,-0.0778,0.0691,0.1552,0.2911,0.2352,-0.1085,-0.6995,0.0217,0.2697,-1,0.0748,-0.3342,-0.7383,0.1248,-0.0479,0.227,0.0713,-0.0625,-0.6747,0.0709,0.1703,-0.3493,0.0569,0.008,0.079],[-0.6467,-0.5558,0.6294,-0.7997,-0.6185,-0.5083,-0.909,-0.9764,-0.8928,-0.6865,-0.922,-0.1767,-0.6099,-0.7156,-0.6851,-0.5999,-0.5428,-0.6213,-0.7247,-1,-1,-0.8649,-0.9563,-0.3673,-1,-0.9717,-1,-0.6953,-0.9115,-0.8018,-0.6986,-1,-0.9478,-0.9327,-0.6162,-0.7299,-0.9388,-0.9213,-0.5326,-1,-0.6247,-0.0659,-0.8779,-0.7099,-0.3416,-0.9373,-0.7828,0.1438,-0.9382,-1,-0.8865,-1,-0.7747,-0.525,-0.3641,-0.6226,-0.5968],[1.6535,1.3829,1.2262,1.5511,1.506,1.6396,1.3358,1.4087,1.4242,1.2893,1.3597,1.2609,1.6165,1.7294,1.6261,1.6374,1.4938,1.8541,1.4981,1.5905,1.6343,1.3572,1.6742,1.5229,1.308,1.5388,1.5669,1.6746,1.6263,1.7491,1.3564,1.3627,1.5226,1.3915,1.6455,1.6579,1.6181,1.6639,1.6478,1.5411,1.5825,1.1576,1.3876,1.3481,1.1837,1.1229,1.4611,1.4085,1.265,1.3775,1.4258,1.3746,1.6041,1.3956,1.6547,1.6206,1.9029],[-0.106,-0.3119,0.1559,0.3324,0.093,0.2107,-0.5103,-0.2709,0.0182,-0.0306,-0.2041,0.2979,-0.1836,-0.4703,-0.1525,-0.3126,-1,-0.8085,0.2955,0.4215,0.0256,-0.2945,-0.3561,-0.0572,-0.379,-0.115,-0.2841,-0.7554,-0.0836,-0.0068,-1,-0.0693,-0.2329,-0.0972,0.1183,0.0459,-1,-0.0936,-0.3106,-0.5486,0.1271,-1,-0.16,0.0857,0.3711,-0.3092,0.287,-0.253,-0.033,0.1526,0.2743,-0.1944,-0.6565,-0.2914,-0.0762,0.005,0.069],[-0.9941,-1,0.3852,-1,-0.7005,-0.7893,-0.8446,-1,-0.9925,-0.8789,-0.9526,0.0178,-0.7803,-1,-1,-1,-0.9913,-1,-0.9441,-1,-0.6921,-1,-0.8932,-1,-0.6099,-1,-0.6358,-0.8966,-0.1515,-0.4542,-1,-1,-1,-1,-1,-0.8786,-1,-1,-1,-1,-1,-1,-0.6258,-1,-0.0736,-0.7699,-0.0448,-0.3164,-1,-1,-1,-1,-0.4762,-0.0219,-1,-1,-1],[1.541,1.5432,0.8758,1.6056,1.6278,1.6857,1.4501,1.541,1.2171,1.5967,1.2327,1.0249,1.4525,1.4319,1.3556,1.634,1.4338,1.4654,1.6161,1.5801,1.5534,1.3609,1.1359,1.0908,1.2762,1.1787,0.9671,1.2501,1.2185,1.2071,1.0584,1.0422,1.256,1.3078,1.3585,1.4273,1.4239,1.3766,1.2231,1.4636,1.3665,0.9873,1.3603,1.4048,0.932,1.1903,1.1375,1.1585,1.292,1.0545,1.1543,1.3477,1.4984,1.028,1.587,1.4209,1.1489],[1.3167,1.4039,1.1193,1.5445,1.4891,1.6321,1.4771,1.5057,1.4248,1.4076,1.4488,1.0799,1.5452,1.6647,1.6172,1.4996,1.4727,1.7363,1.5893,1.6378,1.7234,1.5677,1.5858,1.392,1.429,1.7009,1.6758,1.6405,1.5421,1.6435,0.7396,1.3613,1.6088,1.489,1.529,1.5833,1.5925,1.7225,1.2221,1.5634,1.6371,1.2843,1.265,1.2985,0.9951,1.3063,1.1171,1.2127,1.4949,1.5849,1.4638,1.522,1.5605,1.4235,1.1085,1.3423,1.6095],[0.3683,-0.1877,0.4952,0.3891,0.1217,0.3607,0.3282,0.3195,-0.3152,-0.2185,-0.0006,0.2912,0.5003,0.3038,0.4413,0.4368,-0.0148,0.2265,0.2316,0.3543,0.329,0.3031,0.6607,0.3329,-0.2796,0.1822,0.6229,0.6509,0.1716,0.2126,0.5415,-0.2654,-0.1954,0.2554,0.3814,0.453,0.582,0.4858,-0.0623,0.178,0.096,0.9578,-0.2047,0.0811,-0.1607,-0.2009,0.1537,0.5254,0.2847,0.0777,-0.4972,0.2978,0.367,0.786,0.447,0.1137,-1],[-0.5468,-0.8207,0.6314,-1,-1,-1,-1,-0.805,-0.8411,-0.9126,-0.8424,0.0037,-0.727,-1,-0.7734,-1,-1,-1,-0.877,-0.3805,-1,-0.4971,-1,-1,-1,-1,-0.3072,-1,-0.9572,-0.8681,-1,-1,-1,-1,-0.6635,-0.7825,-1,-1,-1,-1,-1,-1,-0.7967,-0.5129,0.4964,-0.6748,0.2325,0.1508,-0.4376,-1,-0.4037,-0.5348,-0.6325,-0.3036,-0.9136,-1,-1],[-0.9244,-0.5545,0.1873,-0.7583,-1,-0.4926,-0.763,-0.4841,-0.5998,-0.8466,-1,0.2247,-0.8411,-0.711,-0.6491,-1,-1,-1,-1,-1,-1,-0.8533,-1,-0.819,-0.8007,-0.347,-0.01,-0.3383,-0.4231,-0.6344,-1,-1,-1,-1,-0.4414,-1,-1,-0.8852,-1,-1,-1,-1,-0.8097,-0.6472,0.6154,-0.5777,-0.0853,0.4086,-0.4965,-0.7166,-1,-0.5711,-0.5274,0.3393,-0.6776,-1,-1],[1.9604,1.9593,2.2881,1.9425,1.9646,2.1454,1.599,1.6685,2.2169,1.621,1.5047,2.1283,1.7139,1.9642,1.972,1.4442,1.4017,1.6984,1.644,1.8913,1.8027,1.5429,2.0504,2.3137,1.4767,1.7096,1.7718,1.6868,1.6706,1.8819,1.9739,1.6363,1.6836,1.7359,1.7406,1.9002,1.7947,1.7145,2.2346,1.4592,1.5381,2.2361,1.5555,1.7926,2.2929,1.6253,1.7835,2.1491,1.6109,1.6268,2.1623,1.7311,1.7537,2.1853,1.8859,1.8787,1.9073],[-0.4024,-0.2455,-0.1652,-0.0019,-0.0782,-0.127,-0.6699,-0.3817,-0.3333,-0.278,-0.4647,0.2876,-0.0314,-0.2197,-0.1485,-0.2886,0.0299,0.0263,0.0533,-0.0508,0.0444,-0.3269,-0.1655,-0.0213,-0.3293,-0.2268,-0.4073,-0.2944,-0.2567,0.113,-0.6384,-0.7483,-0.6444,-0.2738,-0.1443,-0.2552,-1,0.0511,-0.6135,-1,-0.14,-0.5973,-0.706,-0.2134,0.3246,-0.6536,0.1821,-0.0728,-0.0476,0.0795,0.1953,0.2323,-0.321,0.2959,0.0424,-0.2479,-0.2955],[1.8891,1.9858,1.6326,2.0441,2.0684,1.7712,2.0094,1.9538,1.7876,2.0134,2.0805,1.6733,1.8884,1.6509,1.6273,2.0225,1.9643,1.8162,2.3344,2.1118,2.2769,2.0218,1.6595,1.5933,2.1357,1.7848,1.6574,2.0142,1.9032,1.6442,1.6719,1.983,1.6423,1.8616,1.812,1.6777,2.2257,1.7367,1.5237,2.1682,2.092,1.7707,2.0623,2.0432,1.5039,2.1973,1.7942,1.599,2.1319,2.1258,1.8306,1.9543,1.9188,1.6698,1.8965,1.8034,1.6425],[1.6711,1.6454,1.693,1.7752,1.818,1.8079,1.5755,1.7408,1.6008,1.7423,1.2008,1.8693,1.8201,1.7133,1.7028,1.4741,1.4724,1.6347,1.812,1.8807,1.7895,1.4689,1.753,2.0262,1.5592,1.4023,1.4132,1.4596,1.6958,1.5032,1.7858,1.4839,1.7157,1.838,1.6879,1.8988,1.8433,1.5958,1.8086,1.5774,1.4754,1.5084,1.4078,1.457,1.9097,1.5262,1.4085,1.7276,1.2517,1.4674,1.7017,1.6396,1.5443,1.5586,1.813,1.5709,1.603],[0.1029,0.1552,0.6215,0.3861,0.2748,0.1884,0.0973,0.0701,0.1203,0.1618,0.2527,0.1754,0.37,0.24,0.1639,0.2847,-0.0324,0.204,0.2165,0.4947,0.3369,-0.0017,-0.3288,0.0065,0.1266,0.1195,0.3356,-0.2074,0.0805,0.1437,-1,-0.2329,0.0581,-0.1647,-0.0539,0.2998,-1,0.4559,0.1808,0.4747,0.3829,-0.0581,0.04,0.1284,0.0555,0.011,0.3573,0.3132,0.1725,0.1859,0.172,0.1375,0.1665,0.5971,0.0447,0.0455,0.052],[-0.495,-0.3685,0.5295,-0.2863,0.0047,0.0232,-0.4587,-0.1349,-1,-0.5559,-0.386,0.5544,0.2241,0.2365,-0.0979,-0.6511,-0.1399,-0.2379,-0.2744,-0.0568,0.1426,-0.7786,-0.2601,-1,-0.7991,-0.3853,0.0252,-1,0.0117,-0.5233,-1,-0.2724,-0.5841,-0.1369,-0.0283,-0.1235,-1,-0.2076,0.2712,-0.3388,-0.7433,0.7667,-0.0589,-0.5162,0.5429,-0.7085,0.4438,0.1299,-0.1161,-0.4273,-0.5077,0.1785,0.0442,0.7869,-0.1118,-0.8383,-1],[0.4496,0.2934,0.4788,0.1354,-0.1166,-0.2305,0.0192,-0.0253,-0.4154,-0.113,-0.1309,0.0335,0.4368,0.6804,0.3221,1.7145,1.5116,1.2936,-0.4016,-0.183,-0.2179,-0.247,-0.3298,-0.4276,0.2045,0.5989,0.7596,1.1234,0.5105,0.0759,0.9283,0.5764,0.7182,-0.3625,0.2089,-0.103,-0.6505,0.1652,-0.2478,0.1841,0.1604,0.7197,-0.0145,0.595,0.2362,-0.073,0.3525,0.2041,-0.6597,-0.0568,-0.0841,-0.3189,-0.1928,-0.4055,1.0053,0.9546,0.6239],[1.7625,1.6481,1.6362,1.668,1.6817,1.7742,1.4445,1.4527,1.7857,1.5315,1.3869,1.7308,1.4697,1.6013,1.5615,1.267,1.2757,1.3951,1.5142,1.7267,1.6245,1.3659,1.5715,1.7632,1.3375,1.3961,1.3923,1.2752,1.5823,1.5946,1.5383,1.4806,1.4387,1.476,1.5844,1.7011,1.4624,1.4824,1.7808,1.4809,1.6003,1.6149,1.5875,1.5914,1.7578,1.386,1.5441,1.6964,1.4477,1.4537,1.6979,1.5322,1.5115,1.7407,1.5296,1.5276,1.6458],[-0.7698,-0.6632,-0.0818,-0.1664,-0.7101,-0.8075,-0.9138,-0.5503,-0.8669,-0.6996,-0.8078,-0.1872,-0.9889,-0.7612,-1,-1,-1,-1,-1,-1,-0.7069,-0.8964,-1,-1,-0.48,-0.7323,-0.4993,-1,-0.6766,0.1316,-0.1691,-1,-1,-1,-0.796,-0.2645,-1,-1,-0.0798,-1,-0.1454,-0.0869,-0.3339,-0.7339,0.0601,-0.95,-0.4535,-0.8566,-0.9817,-1,-0.3013,-0.3373,-0.4373,0.4685,-1,-1,-1],[0.1672,-0.061,0.2414,0.4577,0.4863,0.08,0.1143,0.1859,-0.2586,0.0373,0.1604,0.4127,0.2202,0.3575,0.4263,0.4502,0.5393,0.3981,0.4089,0.4766,0.0578,0.1028,0.0788,-0.21,-0.1613,-0.3899,0.2176,0.7587,0.2023,-0.1205,-1,0.125,0.0594,-0.1362,0.2036,0.1999,-1,0.298,-0.2265,0.4718,0.5757,-0.1368,0.3272,0.0913,-0.1694,0.0633,0.2311,0.183,0.149,0.167,-0.3011,0.1743,0.1473,0.7734,0.3327,0.3411,0.2926],[0.1054,-0.1503,-0.0806,-0.3582,-0.1667,0.0193,-0.2343,-0.1908,-0.5533,-0.16,-0.3453,-1,-0.158,-0.0669,-0.007,-0.0477,0.0637,0.0989,-0.2926,-0.193,-0.2579,-0.4226,-0.4999,-0.6543,-0.4691,-0.144,-0.0325,-0.7745,-0.1748,-0.0137,-0.2116,-0.4255,-0.0731,-1,-0.2292,-0.2459,0.6309,0.1416,-0.314,0.0172,-0.2781,-0.5638,-0.2252,-0.1689,-0.5067,-0.1683,-0.3078,-0.6058,-0.265,-0.1941,-0.5524,-0.1039,-0.1894,-0.3313,-0.0433,0.0281,-0.9794],[0.7469,1.0172,0.6669,1.1305,1.1492,0.9781,1.0778,1.0402,0.6426,1.1521,1.2389,0.9816,1.3612,1.3295,1.25,1.1158,1.1962,1.1656,1.3502,1.024,1.2911,1.3592,1.249,1.0162,1.239,1.1521,1.1386,1.1971,1.1221,1.1809,1.1155,1.0417,0.947,1.2726,1.2275,1.0912,1.3732,1.2707,0.7077,1.1643,1.2553,-0.0651,0.7449,0.919,0.704,1.1922,1.3061,1.0835,1.3096,1.1958,0.9392,1.0492,1.0383,0.8366,1.1464,1.1613,0.9725],[-1,-0.9714,-0.5668,-1,-0.7705,-1,-0.7945,-0.4523,-0.3753,-0.8189,-0.6914,-0.5834,-0.6069,-0.5838,-0.7807,-0.8748,-0.7453,-1,-0.605,-1,-0.7732,-0.8971,-1,-1,-0.2825,-0.7841,-1,-1,-0.9966,-0.9787,-1,-1,-1,-0.7676,-0.9041,-1,-1,-1,-1,-0.5338,-1,-1,-0.7671,-0.8286,-0.4149,-0.1708,-1,-1,-1,-1,-0.991,-0.9192,-0.9001,-1,-0.8242,-0.9431,-0.9229],[0.5371,0.457,0.6685,0.4411,0.6074,0.4781,0.219,0.3832,0.1414,0.3619,0.363,0.5017,0.4134,0.552,0.6311,0.5213,0.0531,0.7283,0.5744,0.4444,0.6043,0.314,0.2992,0.2013,0.1693,0.5632,0.5501,0.0242,0.4057,0.5238,0.463,0.4725,0.1824,0.3229,0.3783,0.6394,0.946,0.2367,-0.0536,0.5404,0.449,0.282,0.1286,0.2038,0.2677,0.2483,0.3261,0.1181,0.3776,-0.0041,0.4053,0.2906,0.3145,0.7434,0.4844,0.5563,0.611],[-0.7253,0.0169,0.4743,-0.3655,-0.6818,-0.9383,-0.7221,-1,0.301,-0.9245,-0.7058,-0.1495,-1,-1,-1,-0.4033,-1,-1,-0.5095,-1,-0.4769,-0.8259,-1,0.4772,-1,-0.7516,-0.7228,-1,-0.4936,-0.8409,-1,-0.4846,-1,-1,-0.8341,-1,-1,-0.4133,-1,-1,-1,0.1604,-1,-0.3822,0.0626,-1,0.433,-0.208,-0.4682,-0.7717,-0.5078,-0.7392,-1,-1,-1,-1,0.0924],[0.6899,0.6157,0.7422,0.3986,0.5422,0.7461,0.5317,0.4326,0.3675,0.2444,0.3228,0.3796,0.703,0.9835,0.9297,0.688,0.7889,0.7884,0.5473,0.7163,0.6464,0.5917,0.7216,0.3725,0.3228,0.5998,0.8433,1.0347,0.8941,0.8267,0.6136,0.4313,0.6964,0.3455,0.5112,0.5412,0.9581,0.8928,0.0038,0.4518,0.7078,0.9958,0.1434,0.4064,0.3281,0.1827,0.9238,0.595,0.3863,0.8708,0.6553,0.6969,0.7966,0.929,0.4832,0.3231,0.8107],[-1,-0.8306,0.0635,-0.9185,-1,-0.663,-0.9235,-0.745,-1,-1,-1,-0.4821,-1,-0.6471,-0.7232,-1,-1,-1,-1,-1,-1,-0.7475,-0.9849,-1,-0.7503,-1,-1,-1,-0.7265,-0.8817,-1,-1,-1,-0.6831,-0.8508,-0.6079,-1,-1,-1,-1,-0.7667,-1,-0.8517,-1,-1,-0.7947,-0.6308,-1,-1,-0.7039,-0.9146,-1,-0.5195,0.0232,-1,-0.9461,-1],[2.5816,2.317,2.1588,2.5103,2.5422,2.5814,2.4581,2.4687,2.0045,2.3836,2.4721,2.4619,2.5683,2.4856,2.439,2.4287,2.415,2.5338,2.5101,2.6571,2.8416,2.4351,2.4479,2.352,2.2981,2.5337,2.5571,2.4993,2.5741,2.4557,2.5328,2.6091,2.4078,2.3318,2.5575,2.6538,2.6727,2.6321,2.6316,2.4955,2.6477,2.4406,2.4755,2.4518,2.16,2.3908,2.7023,2.6258,2.4283,2.3004,2.2723,2.5221,2.5638,2.2965,2.5327,2.5008,2.3526],[1.2889,1.2272,1.2772,1.4688,1.4898,1.5328,1.3437,1.3849,1.3212,1.1422,1.1647,1.3835,1.3951,1.5245,1.4867,1.5014,1.2835,1.4818,1.4898,1.5762,1.4324,1.1779,1.3793,1.5085,1.2415,1.262,1.4512,1.5674,1.3644,1.4678,1.3725,1.1647,1.2575,1.1738,1.3319,1.3304,1.5975,1.3537,1.5094,1.3297,1.2348,1.5883,1.1906,1.2584,1.384,1.2888,1.1553,1.645,1.2889,1.3804,1.3698,1.2726,1.3422,1.4582,1.3787,1.4709,1.0365],[-0.2744,-0.2039,0.9372,0.2454,0.2266,0.0208,-0.0389,0.3185,-0.3482,-0.2813,0.0623,0.7024,0.4815,0.1701,0.1689,0.3504,0.2121,0.3315,-0.0113,0.0046,0.1567,-0.3892,-0.8277,-0.4426,-0.1604,-0.3181,0.0856,-0.3611,0.093,-0.0649,-0.4766,0.0248,-0.3735,0.0263,0.2675,0.1841,-0.6354,-0.1007,0.0965,0.1347,0.1253,0.9655,-0.0981,0.1359,0.4261,-0.1874,0.5363,0.1744,-0.3812,-0.0061,0.0484,0.086,0.4442,1.253,0.3983,0.1633,-0.6315],[0.8169,0.6375,1.1503,0.6868,0.9101,0.8026,0.0247,0.1633,0.2462,0.2625,0.3636,1.0126,0.3743,1.0231,0.7325,0.1094,-0.2521,-0.0468,0.0678,0.1088,0.5694,-0.432,-0.2138,0.1498,0.2159,0.6334,0.5546,-0.2686,-0.1643,0.1102,-1,-0.346,-0.4475,0.2322,0.2217,0.5593,0.172,0.2534,0.4191,0.0938,-0.1109,1.3197,0.0317,0.3183,0.9518,0.4217,0.7317,0.8289,-0.126,0.2139,0.4746,-0.2434,0.2454,0.971,0.4792,0.5302,-0.2254],[-0.7413,-0.938,-0.0749,-1,-1,-0.7681,-1,-0.817,-0.781,-1,-0.9006,-0.4576,-0.8084,-0.9237,-1,-0.5658,-1,-0.6688,-1,-1,-1,-0.9162,-1,-1,-1,-0.9561,-0.9425,-0.8325,-0.6279,-0.9291,-1,-1,-1,-1,-0.9527,-1,-1,-1,-0.8738,-1,-0.6939,-1,-0.7277,-0.7465,-1,-1,-1,-1,-1,-1,-0.9486,-1,-0.8189,-0.6165,-0.855,-0.8314,-1],[0.1562,-0.0443,-0.0795,0.6308,0.4471,0.6936,0.1701,0.1711,0.1838,0.072,0.0109,0.3346,0.3388,0.4842,0.2994,0.3725,0.5776,0.4344,0.3752,0.4088,0.4708,-0.2423,-0.0522,0.6388,0.3367,-0.0425,0.1098,0.763,0.2573,0.4864,-0.8633,-0.0886,0.0188,-0.3162,0.1589,0.0407,-1,0.5159,0.6437,0.2821,-0.3493,-0.2365,0.0545,0.1078,0.3659,0.1737,0.4514,0.5073,-0.2085,0.4507,0.5049,0.2709,0.2939,0.5572,0.1768,0.2831,0.3882],[-1,-1,0.0749,-1,-0.9157,-1,-0.7475,-0.9376,-0.5057,-0.9733,-0.9434,-0.0988,-0.6368,-1,-0.8034,-0.549,-1,-1,-1,-0.9274,-1,-1,-0.6281,-1,-0.7991,-1,-0.5101,-1,-1,-0.9132,-1,-1,-0.7633,-1,-0.7527,-0.7234,-1,-1,-1,-1,-1,-1,-1,-0.5739,-1,-1,-0.9276,-0.4402,-0.8747,-1,-1,-0.7404,-0.9586,-1,-0.7483,-0.6142,-1],[0.2636,0.2811,0.7004,0.525,0.4812,0.5222,0.3318,0.2403,0.4744,0.2219,0.3216,0.7184,0.3783,0.5096,0.553,-0.2794,0.2618,0.0754,0.4902,0.5547,0.3695,-0.0468,0.5352,0.4065,-0.0496,0.453,0.2081,-1,0.287,0.5739,-1,0.1978,0.3712,0.2102,0.4843,0.4305,0.2841,0.2674,0.4272,0.0458,0.3063,1.0772,-0.0978,0.345,0.6964,0.0173,0.507,0.2761,0.4166,0.4106,0.4654,0.4339,0.269,0.3776,0.3662,0.2373,0.2537],[-0.8078,-1,0.3406,-0.8591,-0.7819,-0.6195,-0.9609,-0.7368,-0.9636,-0.9492,-0.9537,-0.0381,-0.8346,-0.6933,-0.7104,-0.9581,-1,-0.0934,-0.8403,-0.9333,-0.8627,-0.941,-0.8185,-0.6849,-1,-1,-0.5269,-1,-0.7531,-0.682,-1,-0.9063,-0.7665,-1,-1,-0.8905,-0.1187,-1,-0.445,-1,-1,-0.943,-0.5417,-0.399,-0.2457,-0.6483,-0.8417,-0.599,-0.8276,-1,-0.9588,-0.5143,-0.9222,0.4006,-0.6371,-0.9431,0.1595],[0.2039,0.2341,0.6845,0.5373,0.6578,0.5153,0.2429,0.2181,0.4911,0.2774,0.255,0.7238,0.3543,0.104,0.2544,0.2936,0.1668,-0.1599,0.2347,0.2967,0.3649,-0.0071,0.0285,0.651,0.4398,0.1836,0.1566,-0.3391,0.3078,0.4184,0.3587,-0.0357,0.1317,0.255,0.3683,0.6443,0.6787,0.4249,0.8683,0.4209,0.3837,0.931,-0.3792,0.4819,0.7321,0.3969,0.4265,0.5945,0.1698,0.4549,0.9962,0.3137,0.1527,-0.0933,0.6235,0.3158,0.3997],[-0.6276,-0.1508,0.5261,-0.7611,-0.5971,-0.6344,-0.7211,-0.7534,-0.6247,-0.7235,-0.8554,-0.225,-0.6161,0.0107,-0.4255,-0.2546,-0.9223,-0.8481,-0.7082,-0.3822,-0.5364,-0.8676,-0.7173,-0.0417,-0.8007,-0.8306,-0.1909,-1,-0.3912,-0.5404,0.3566,-0.7541,-1,-0.5705,-0.6429,-0.4007,-1,-0.8028,-0.038,-0.5452,-0.1586,1.066,-0.3577,-0.4299,-0.5299,-0.6846,-0.358,-0.0955,-0.5468,-0.2499,-0.044,-1,-0.0222,0.6228,-0.1244,-0.6549,-1],[1.709,1.5283,1.6657,1.8099,1.7258,1.6915,1.7167,1.6396,1.3459,1.4093,1.5745,1.3906,1.7752,1.6921,1.8121,1.8133,1.7616,1.6936,1.8396,1.7759,1.8317,1.7255,1.6242,1.4134,1.5987,1.6332,1.7361,1.5393,1.7407,1.5791,1.2643,1.4511,1.5093,1.5304,1.7065,1.7104,1.8893,1.7957,1.3574,1.7048,1.5754,1.1966,1.3889,1.4438,1.4071,1.4299,1.5749,1.4761,1.7804,1.7717,1.6,1.589,1.7109,1.7045,1.3973,1.7193,1.9232],[-0.7715,-1,-1,-0.9936,-1,-0.9348,-0.9866,-1,-1,-1,-1,-1,-0.9403,-0.9642,-1,-1,-1,-1,-1,-1,-1,-1,-0.9718,-1,-1,-1,-1,-1,-1,-0.9841,-1,-1,-1,-0.8288,-0.891,-0.9517,-1,-1,-1,-1,-1,-1,-1,-1,-1,-1,-1,-1,-1,-1,-1,-1,-1,-1,-1,-1,-0.9896],[0.9238,0.1262,0.0194,-0.7867,0.5296,0.1209,0.5897,1.0349,1.0869,-0.1587,0.1938,0.8953,0.5866,0.0806,0.8411,-0.4557,-0.5074,-0.3723,-1,-0.4681,0.4055,-0.5656,1.2144,1.2515,-0.6999,0.9531,1.1742,0.754,1.5719,0.6973,0.7725,0.2019,-0.2739,1.2583,1.5172,1.8506,0.4891,-0.1118,0.8945,-0.5405,0.6183,-0.7772,0.1402,-0.2204,-0.2083,-0.3722,-0.2747,0.32,0.4481,0.622,0.8983,0.6704,1.6751,0.1913,-0.2904,0.4116,-0.8005],[-0.27,0.258,0.7719,0.1672,0.2301,0.1163,0.0787,0.2947,0.2476,-0.1019,0.0447,0.572,-0.0538,0.284,0.0973,-0.2238,-0.4668,-0.6267,0.2519,0.3653,0.0543,0.1063,0.3721,-0.0191,0.0015,0.1369,0.0041,-0.2475,-0.0121,0.2655,-1,0.2335,0.2813,0.2757,0.1892,0.3472,0.6502,-0.0278,0.1382,0.2083,-0.0802,0.5923,0.197,0.3287,0.4062,0.1448,-0.1761,0.1063,-0.1703,0.3474,0.2305,0.2259,0.2179,0.071,-0.1561,-0.2467,0.1075],[1.8019,1.7301,1.4872,1.7817,1.8011,1.8408,1.6747,1.6308,1.993,1.7226,1.7917,1.4682,1.6739,1.838,1.7928,1.6064,1.5146,1.8244,1.8321,2.0736,1.9486,1.7675,1.825,1.5618,1.7345,1.864,1.8759,1.6451,2.0424,1.8454,1.435,1.8722,1.8507,1.6455,1.898